[85.7465   80.677605]
[29.141195 24.781454]
[ 2.5046542 -9.917921 ]
[  9.1714325 106.39958  ]
[10.671987 62.711765]
[119.469406  58.765434]
[ 81.21027 106.96053]
[59.4522  70.70226]
[-4.5309625 96.54341  ]
[-23.54607     3.4619007]
[105.00313 123.27935]
[-8.639843 42.62055 ]
[-48.472767   -4.5648007]
[52.6129  96.96038]
[37.10976  54.024002]
[ 67.240875 132.96756 ]
[87.22352  54.239815]
[-75.32049  -73.546616]
[-122.22587 -116.56923]
[-46.144005 -33.145542]
[-35.02291 -89.23653]
[ 1.9155722 18.150059 ]
[-20.110178 -58.055138]
[96.8534   25.929407]
[-47.99824  -59.859276]
[ -68.99529 -112.4354 ]
[-83.23014  -11.668712]
[-144.82982   -57.904278]
[-117.080864  -35.426212]
[-139.55727   -19.175117]
[-149.31323   -92.102234]
[-98.42958  -54.952324]
[-68.73401   16.891943]
[25.467384 84.78008 ]
[-73.27589 -36.5887 ]
[-115.030495  -78.023766]
[62.600624 39.242153]
[114.685234  90.65507 ]
[-19.403887 -25.586115]
[ 31.328363 -57.250835]
[54.94735    4.3130503]
[ 51.01013  -28.439398]
[ 36.420883 123.48416 ]
[-35.548714  29.98307 ]
[28.651218  -4.1022024]
[  5.9816756 -40.90058  ]
