[ 47.30226  -41.930416]
[  4.908312 -14.765701]
[-10.063542    3.4377463]
[-19.559834 -54.47919 ]
[  0.8776973 -31.675789 ]
[  3.8278358 -84.61435  ]
[ 45.121346 -61.498352]
[ 26.051477 -57.692677]
[-26.99    -47.82271]
[-16.777729  17.383186]
[ 16.68022 -73.23148]
[21.995522 -6.65021 ]
[-41.61474    -1.1244588]
[ 14.275945 -43.00361 ]
[ 18.293444 -26.950613]
[ 30.564365 -42.735943]
[ -5.824565 -67.70767 ]
[ 2.1380284 64.54365  ]
[-30.551281 105.62446 ]
[ 0.11679052 42.63861   ]
[-13.444167  51.850018]
[18.40488  10.914227]
[10.274017 30.202974]
[  9.340829 -59.135178]
[-12.796393  34.088257]
[-49.357937  51.78555 ]
[-27.817808  46.00259 ]
[-48.7609   76.57421]
[-7.6439624 84.86768  ]
[-26.761694  83.80277 ]
[-46.353817  94.772545]
[-17.143847  69.05921 ]
[-30.370512  30.032639]
[-16.959549 -37.550175]
[17.69104 50.09577]
[-34.463093  66.28725 ]
[ 35.95618  -24.667286]
[ 33.242153 -75.96669 ]
[-1.2517527 18.43421  ]
[-50.299915  18.587635]
[-26.532347 -18.532484]
[4.414858   0.29791525]
[ -1.712178 -47.727505]
[-23.833494   -1.0126908]
[-10.704628 -15.405998]
[-32.45908   14.143081]
