[-2033.24932743  -181.07701968]
[-701.20666422  617.73442618]
[-57.92601454  68.23408269]
[-1520.20487713  -208.14528311]
[-1.41143084e+03 -1.31496705e+00]
[-2615.37166232  -158.21397185]
[-2771.58813668  -110.59530184]
[-1974.34753771    11.11855757]
[-1286.95517727  -383.07003306]
[  98.76972519 -332.90799434]
[-2222.58915016   -98.77588771]
[-606.47685094 -118.25495646]
[241.22993207  30.09568356]
[-1761.22749898   245.66758357]
[-1403.82425302    59.46254327]
[-2134.40297196  -153.21619064]
[-1933.7545032  -280.4149578]
[1545.87589631 -561.18234934]
[6228.30888133 1252.60569771]
[668.5296055 178.5803157]
[1316.94555161  992.37587963]
[-435.18122523  281.39307599]
[566.93683057 632.80207611]
[-1908.85206132  -146.30727961]
[723.35095014 475.17523062]
[2432.86740868 1527.80225309]
[1077.5609541   291.46067754]
[3554.01141993 -750.35354044]
[ 2433.04573451 -1327.92388089]
[ 2712.21181068 -1038.54215524]
[5153.54796224 -867.62959323]
[2028.00920784 -655.40786673]
[ 576.63541291 -246.4408676 ]
[-1407.19717448  -315.68466567]
[  597.7712572  -1035.52922831]
[2659.62582359 -166.75087587]
[-1667.74944278  -132.64552557]
[-2190.07855348  -141.08383507]
[208.16539398 296.90727725]
[258.05953898 209.78669811]
[-614.40491375  559.42182012]
[-472.54570301  735.51408784]
[-1677.2188318    130.47384832]
[-93.77179816 269.37432582]
[-636.51038445   -4.87692757]
[456.60625933 550.35901399]
